sequence00
0
40
80
120
160
200
240
280
320
360
400
440
480
520
560
600
640
680
720
760
800
840
880
920
960
1000
1040
1080
1120
1160
1200
1240
1280
1320
1360
1400
1440
1480
1520
1560
1600
1640
1680
1720
1760
1800
1840
1880
1920
1960
2000
2040
2080
2120
2160
2200
2240
2280
2320
2360
2400
2440
2480
2520
2560
2600
2640
2680
2720
2760
2800
2840
2880
2920
2960
3000
3040
3080
3120
3160
3200
3240
3280
3320
3360
3400
3440
3480
3520
3560
3600
3640
3680
3720
3760
3800
3840
3880
3920
3960
4000
4040
4080
4120
4160
4200
4240
4280
4320
4360
4400
4440
4480
4520
4560
4600
4640
4680
4720
4760
4800
4840
4880
4920
4960
5000
5040
5080
5120
5160
5200
5240
5280
5320
5360
5400
5440
5480
5520
5560
5600
5640
5680
5720
5760
5800
5840
5880
5920
5960
6000
6040
6080
6120
6160
6200
6240
6280
6320
6360
6400
6440
6480
6520
6560
6600
6640
6680
6720
6760
6800
6840
6880
6920
6960
7000
7040
7080
7120
7160
7200
7240
7280
7320
7360
7400
7440
7480
7520
7560
7600
7640
7680
7720
7760
7800
7840
7880
7920
7960
8000
8040
8080
8120
8160
8200
8240
8280
8320
8360
8400
8440
8480
8520
8560
8600
8640
8680
8720
8760
8800
8840
8880
8920
8960
9000
9040
9080
9120
9160
9200
9240
9280
9320
9360
9400
9440
9480
9520
9560
9600
9640
9680
9720
9760
9800
9840
9880
9920
9960
10000
10040
10080
10120
10160
10200
10240
10280
10320
10360
10400
10440
10480
10520
10560
10600
10640
10680
10720
10760
10800
10840
10880
10920
10960
11000
11040
11080
11120
11160
11200
11240
11280
11320
11360
11400
11440
11480
11520
11560
11600
11640
11680
11720
11760
11800
11840
11880
11920
11960
12000
12040
12080
12120
12160
12200
12240
12280
12320
12360
12400
12440
12480
12520
12560
12600
12640
12680
12720
12760
12800
12840
12880
12920
12960
13000
13040
13080
13120
13160
13200
13240
13280
13320
13360
13400
13440
13480
13520
13560
13600
13640
13680
13720
13760
13800
13840
13880
13920
13960
14000
14040
14080
14120
14160
14200
14240
14280
14320
14360
14400
14440
14480
14520
14560
14600
14640
14680
14720
14760
14800
14840
14880
14920
14960
15000
15040
15080
15120
15160
15200
15240
15280
15320
15360
15400
15440
15480
15520
15560
15600
15640
15680
15720
15760
15800
15840
15880
15920
15960
16000
16040
16080
16120
16160
16200
16240
16280
16320
16360
16400
16440
16480
16520
16560
16600
16640
16680
16720
16760
16800
16840
16880
16920
16960
17000
17040
17080
17120
17160
17200
17240
17245
sequence01
17246
17286
17326
17366
17406
17446
17486
17526
17566
17606
17646
17686
17726
17766
17806
17846
17886
17926
17966
18006
18046
18086
18126
18166
18206
18246
18286
18326
18366
18406
18446
18486
18526
18566
18606
18646
18686
18726
18766
18806
18846
18886
18926
18966
19006
19046
19086
19126
19166
19206
19246
19286
19326
19366
19406
19446
19486
19526
19566
19606
19646
19686
19726
19766
19806
19846
19886
19926
19966
20006
20046
20086
20126
20166
20206
20246
20286
20326
20366
20406
20446
20486
20526
20566
20606
20646
20686
20726
20766
20806
20846
20886
20926
20966
21006
21046
21086
21126
21166
21206
21246
21286
21326
21366
21406
21446
21486
21526
21566
21606
21646
21686
21726
21766
21806
21846
21886
21926
21966
22006
22046
22086
22126
22166
22206
22246
22286
22326
22366
22406
22446
22486
22526
22566
22606
22646
22686
22726
22766
22806
22846
22886
22926
22966
23006
23046
23086
23126
23166
23206
23246
23286
23326
23366
23406
23446
23486
23526
23566
23606
23646
23686
23726
23766
23806
23846
23886
23926
23966
24006
24046
24086
24126
24166
24206
24246
24286
24326
24366
24406
24446
24486
24526
24566
24606
24646
24686
24726
24766
24806
24846
24886
24926
24966
25006
25046
25086
25126
25166
25206
25246
25286
25326
25366
25406
25446
25486
25526
25566
25606
25646
25686
25726
25766
25806
25846
25886
25926
25966
26006
26046
26086
26126
26166
26206
26246
26286
26326
26366
26406
26446
26486
26526
26566
26606
26646
26686
26726
26766
26806
26846
26886
26926
26966
27006
27046
27086
27126
27166
27206
27246
27286
27326
27366
27406
27446
27486
27526
27566
27606
27646
27686
27726
27766
27806
27846
27886
27926
27966
28006
28046
28086
28126
28166
28206
28246
28286
28326
28366
28406
28446
28486
28526
28566
28606
28646
28686
28726
28766
28806
28846
28886
28926
28966
29006
29046
29086
29126
29166
29206
29246
29286
29326
29366
29406
29446
29486
29526
29566
29606
29646
29686
29726
29766
29806
29846
29886
29926
29966
30006
30046
30086
30126
30166
30206
30246
30286
30326
30366
30406
30446
30486
30526
30566
30606
30646
30686
30726
30766
30806
30846
30886
30926
30966
31006
31046
31086
31126
31166
31206
31246
31286
31326
31366
31406
31446
31486
31526
31566
31606
31646
31686
31726
31766
31806
31846
31886
31926
31966
32006
32046
32086
32126
32166
32206
32246
32286
32326
32366
32406
32446
32486
32526
32566
32606
32646
32686
32726
32766
32806
32846
32886
32926
32966
33006
33046
33086
33126
33166
33206
33246
33286
33326
33366
33406
33446
33486
33526
33566
33606
33646
33686
33726
33766
33806
33846
33886
33926
33966
34006
34046
34086
34126
34166
34206
34246
34286
34326
34366
34406
34446
34486
34526
34566
34606
34646
34686
34726
34766
34806
34846
34886
34926
34966
35006
35046
35086
35126
35166
35206
35246
35286
35326
35366
35406
35446
35486
35526
35566
35606
35646
35686
35726
35766
35806
35846
35886
35926
35966
36006
36046
36086
36126
36166
36206
36246
36286
36326
36366
36406
36446
36486
36526
36566
36606
36646
36686
36726
36766
36806
36846
36886
36926
36966
37006
37046
37086
37126
37166
37206
37246
37286
37326
37366
37406
37446
37486
37526
37566
37606
37646
37686
37726
37766
37806
37846
37886
37926
37966
38006
38046
38086
38126
38166
38206
38246
38286
38326
38366
38406
38446
38486
38526
38566
38606
38646
38686
38726
38766
38788
sequence02
38789
38829
38869
38909
38949
38989
39029
39069
39109
39149
39189
39229
39269
39309
39349
39389
39429
39469
39509
39549
39589
39629
39669
39709
39749
39789
39829
39869
39909
39949
39989
40029
40069
40109
40149
40189
40229
40269
40309
40349
40389
40429
40469
40509
40549
40589
40629
40669
40709
40749
40789
40829
40869
40909
40949
40989
41029
41069
41109
41149
41189
41229
41269
41309
41349
41389
41429
41469
41509
41549
41589
41629
41669
41709
41749
41789
41829
41869
41909
41949
41989
42029
42069
42109
42149
42189
42229
42269
42309
42349
42389
42429
42469
42509
42549
42589
42629
42669
42709
42749
42789
42829
42869
42909
42949
42989
43029
43069
43109
43149
43189
43229
43269
43309
43349
43389
43429
43469
43509
43549
43589
43629
43669
43709
43749
43789
43829
43869
43909
43949
43989
44029
44069
44109
44149
44189
44229
44269
44309
44349
44389
44429
44469
44509
44549
44589
44629
44669
44709
44749
44789
44829
44869
44909
44949
44989
45029
45069
45109
45149
45189
45229
45269
45309
45349
45389
45429
45469
45509
45549
45589
45629
45669
45709
45749
45789
45829
45869
45909
45949
45989
46029
46069
46109
46149
46189
46229
46269
46309
46349
46389
46429
46469
46509
46549
46589
46629
46669
46709
46749
46789
46829
46869
46909
46949
46989
47029
47069
47109
47149
47189
47229
47269
47309
47349
47389
47429
47469
47509
47549
47589
47629
47669
47709
47749
47789
47829
47869
47909
47949
47989
48029
48069
48109
48149
48189
48229
48269
48309
48349
48389
48429
48469
48509
48549
48589
48629
48669
48709
48749
48789
48829
48869
48909
48949
48989
49029
49069
49109
49149
49189
49229
49269
49309
49349
49389
49429
49469
49509
49549
49589
49629
49669
49709
49749
49789
49829
49869
49909
49949
49989
50029
50069
50109
50149
50189
50229
50269
50309
50349
50389
50429
50469
50509
50549
50589
50629
50669
50709
50749
50789
50829
50869
50909
50949
50989
51029
51069
51109
51149
51189
51229
51269
51309
51349
51389
51429
51469
51509
51549
51589
51629
51669
51709
51749
51789
51829
51869
51909
51949
51989
52029
52069
52109
52149
52189
52229
52269
52309
52349
52389
52429
52469
52509
52549
52589
52629
52669
52709
52749
52789
52829
52869
52909
52949
52989
53029
53069
53109
53149
53189
53229
53269
53309
53349
53389
53429
53469
53509
53549
53589
53629
53669
53709
53749
53789
53829
53869
53909
53949
53989
54029
54069
54109
54149
54189
54229
54269
54309
54349
54389
54429
54469
54509
54549
54589
54629
54669
54709
54749
54789
54829
54869
54909
54949
54989
55029
55069
55109
55149
55189
55229
55269
55309
55349
55389
55429
55469
55509
55549
55589
55629
55669
55709
55749
55789
55829
55869
55909
55949
55989
56029
56069
56109
56149
56189
56229
56269
56309
56349
56389
56429
56469
56509
56549
56589
56629
56669
56709
56749
56789
56829
56869
56909
56949
56989
57029
57069
57109
57149
57189
57229
57269
57309
57349
57389
57429
57469
57509
57549
57589
57629
57669
57709
57749
57789
57829
57869
57909
57949
57989
58029
58069
58109
58149
58189
58229
58269
58309
58349
58389
58429
58469
58509
58549
58589
58629
58669
58709
58749
58789
58829
58869
58909
58949
58989
59029
59069
59109
59149
59189
59229
59269
59309
59349
59389
59429
59469
59509
59549
59589
59629
59669
59709
59749
59789
59829
59869
59909
59949
59989
60029
60069
60109
60149
60189
60229
60269
60309
60349
60389
60429
60469
60509
60549
60589
60629
60669
60709
60749
60789
60829
60869
60909
60949
60989
61029
61069
61109
61149
61189
61229
61269
61309
61349
61389
61429
61469
61509
61549
61589
61629
61669
61709
61749
61789
61829
61869
61909
61949
61989
62029
62069
62109
62149
62189
62229
62269
62309
62349
62389
62429
62469
62509
62549
62589
62629
62669
62709
62726
sequence03
62727
62767
62807
62847
62887
62927
62967
63007
63047
63087
63127
63167
63207
63247
63287
63327
63367
63407
63447
63487
63527
63567
63607
63647
63687
63727
63767
63807
63847
63887
63927
63967
64007
64047
64087
64127
64167
64207
64247
64287
64327
64367
64407
64447
64487
64527
64567
64607
64647
64687
64727
64767
64775
sequence04
64776
64816
64856
64896
64936
64976
65016
65056
65096
65136
65176
65216
65256
65296
65336
65376
65416
65456
65496
65536
65576
65616
65656
65696
65736
65776
65816
65856
65896
65936
65976
66016
66056
66096
66136
66176
66216
66256
66296
66336
66376
66416
66456
66496
66536
66576
66616
66656
66696
66736
66776
66816
66856
66896
66936
66976
67016
67056
67096
67136
67176
67216
67256
67296
67336
67376
67416
67456
67496
67536
67576
67616
67656
67696
67736
67776
67816
67856
67896
67936
67976
68016
68056
68096
68136
68176
68216
68256
68296
68336
68376
68416
68456
68496
68536
68576
68616
68656
68696
68736
68776
68816
68856
68896
68936
68976
69016
69056
69096
69136
69176
69216
69256
69296
69336
69376
69416
69456
69496
69536
69576
69616
69656
69696
69736
69776
69816
69856
69896
69936
69976
70016
70056
70096
70136
70176
70216
70256
70296
70336
70376
70416
70456
70496
70536
70576
70616
70656
70696
70736
70776
70816
70856
70896
70936
70976
71016
71056
71096
71136
71176
71216
71256
71296
71336
71376
71416
71456
71496
71536
71576
71616
71656
71696
71736
71776
71816
71856
71896
71936
71976
72016
72056
72096
72136
72176
72216
72256
72296
72336
72376
72416
72456
72496
72536
72576
72616
72656
72696
72736
72776
72816
72856
72896
72936
72976
73016
73056
73096
73136
73176
73216
73256
73296
73336
73376
73416
73456
73496
73536
73576
73616
73656
73696
73736
73776
73816
73856
73896
73936
73976
74016
74056
74096
74136
74176
74216
74256
74296
74336
74376
74416
74456
74496
74536
74576
74616
74656
74696
74736
74776
74816
74856
74896
74936
74976
75016
75056
75096
75136
75176
75216
75256
75296
75336
75376
75416
75456
75496
75536
75576
75616
75656
75696
75736
75776
75816
75856
75896
75936
75976
76016
76056
76096
76136
76176
76216
76256
76296
76336
76376
76416
76456
76496
76536
76576
76616
76656
76696
76736
76776
76816
76856
76896
76936
76976
77016
77056
77096
77136
77176
77216
77256
77296
77336
77376
77416
77456
77496
77536
77576
77616
77656
77696
77736
77776
77816
77856
77896
77936
77976
78016
78056
78096
78136
78176
78216
78256
78296
78336
78376
78416
78456
78496
78536
78576
78616
78656
78696
78736
78776
78816
78856
78896
78936
78976
79016
79056
79096
79136
79176
79216
79256
79296
79336
79376
79416
79456
79496
79536
79576
79616
79656
79696
79736
79776
79816
79856
79896
79936
79976
80016
80056
80096
80136
80176
80216
80256
80296
80336
80376
80416
80456
80496
80536
80576
80616
80656
80696
80736
80776
80816
80856
80896
80936
80976
81016
81056
81096
81136
81176
81216
81256
81296
81336
81376
81416
81456
81496
81536
81576
81616
81656
81696
81736
81776
81816
81856
81896
81936
81976
82016
82056
82096
82136
82176
82216
82256
82296
82336
82376
82416
82456
82496
82536
82576
82616
82656
82696
82736
82776
82816
82856
82896
82936
82976
83016
83056
83096
83136
83176
83216
83256
83296
83336
83376
83416
83456
83496
83536
83576
83616
83656
83696
83736
83776
83816
83856
83896
83936
83976
84016
84056
84096
84136
84176
84216
84256
84296
84336
84376
84416
84456
84496
84536
84576
84616
84656
84696
84736
84776
84816
84856
84896
84936
84976
85016
85056
85096
85136
85176
85216
85256
85296
85336
85376
85416
85456
85496
85536
85576
85616
85656
85696
85736
85776
85816
85856
85896
85936
85976
86016
86056
86096
86136
86176
86216
86256
86296
86336
86376
86416
86456
86496
86536
86576
86616
86638
sequence05
86639
86679
86719
86759
86799
86839
86879
86919
86959
86999
87039
87079
87119
87159
87199
87239
87279
87319
87359
87399
87439
87479
87519
87559
87599
87639
87679
87719
87759
87799
87839
87879
87919
87959
87999
88039
88079
88119
88159
88199
88239
88279
88319
88359
88399
88439
88479
88519
88559
88599
88639
88679
88719
88759
88799
88839
88879
88919
88959
88999
89039
89079
89119
89159
89199
89239
89279
89319
89359
89399
89439
89479
89519
89559
89599
89639
89679
89719
89759
89799
89839
89879
89919
89959
89999
90039
90079
90119
90159
90199
90239
90279
90319
90359
90399
90439
90479
90519
90559
90599
90639
90679
90719
90759
90799
90839
90879
90919
90959
90999
91039
91079
91119
91159
91199
91239
91279
91319
91359
91399
91439
91479
91519
91559
91599
91639
91679
91719
91759
91799
91839
91879
91919
91959
91999
92039
92079
92119
92159
92199
92239
92279
92319
92359
92399
92439
92479
92519
92559
92599
92639
92679
92719
92759
92799
92832
sequence06
92833
92873
92913
92953
92993
93033
93073
93113
93153
93193
93233
93273
93313
93353
93393
93433
93473
93513
93553
93593
93633
93673
93713
93753
93793
93833
93873
93913
93953
93993
94033
94073
94113
94153
94193
94233
94273
94313
94353
94393
94433
94473
94513
94553
94593
94633
94673
94713
94753
94793
94833
94873
94913
94953
94993
95033
95073
95113
95153
95193
95233
95273
95313
95353
95393
95433
95473
95513
95553
95593
95633
95673
95713
95753
95793
95833
95873
95913
95953
95993
96033
96073
96113
96153
96193
96233
96273
96313
96353
96393
96433
96473
96513
96553
96593
96633
96673
96705
sequence07
96706
96746
96786
96826
96831
